250
249
248
247
246
246
244
244
242
242
240
240
239
238
237
236
235
234
233
232
231
230
229
229
227
227
225
225
223
223
221
221
219
219
218
217
216
215
214
213
212
211
210
210
208
208
206
206
204
204
202
202
200
200
199
198
197
196
195
193
193
191
191
190
189
188
187
186
186
184
184
182
182
180
180
178
178
177
176
175
174
173
172
172
170
170
169
168
167
166
165
164
163
161
161
160
159
158
157
156
155
155
153
153
151
151
149
149
147
147
146
145
144
143
142
142
140
140
138
138
137
136
135
134
133
132
131
130
130
129
128
127
126
125
125
123
123
121
121
119
119
118
117
116
115
114
113
113
111
111
109
109
109
107
107
106
105
104
103
102
102
100
100
98
98
97
96
95
94
93
92
91
90
90
89
88
87
86
86
84
